86371
47686
96720
31060
1979
39970
31643
15529
50837
10742
14155
79838
54250
5130
14965
69860
4223
34293
909
12933
72245
82253
8971
23675
16505
31563
93237
19458
89614
51621
4337
26643
8202
33110
72310
25074
91686
58313
91889
35267
20618
4082
89220
94047
76844
2085
92022
81629
94518
19435
91665
18528
16882
16664
47999
81886
68815
18329
74299
71248
45439
53642
89107
81801
27373
47199
68767
23668
80736
47792
71007
96617
88660
22351
13849
85925
48972
64360
39784
91623
55228
28268
37836
41239
46979
49646
70246
79090
16957
60374
41993
5598
1006
70734
89654
86517
11900
17848
66910
35001